660
2415
7744
11546
18983
25522
44210
49023
63002
78481
795
164
2575
1281
15386
6781
527
15370
52256
77960
296
3260
11660
29409
57214
105231
178092
256093
410334
547868
674
2465
6987
8150
11967
19960
29604
29896
40262
56554
1337
4842
11697
19875
29843
44807
62435
94797
105622
123868
282
1633
4253
3051
12202
19157
15737
24741
27593
29895
849
3644
7782
13204
24773
31588
45085
61847
82680
105026
441
1904
6534
12517
17896
24869
35089
44588
61861
78736
3324
39112
133024
310641
638515
1108516
1812662
2543242
3881095
4982421
28642
383725
1238449
2679686
5858802
9517095
16108508
25177350
38356692
52204956
5289
35419
144366
337993
620986
1042387
1755975
2514110
3722089
5277736
3745
43596
126717
334233
634969
1032402
1822069
2650458
4094445
5447988
1928
13966
27314
57622
107433
149821
196945
219604
329570
414277
2222
21680
79513
181393
347254
614536
1021189
1565077
2076885
3082706
6504
35816
75495
159697
240523
374117
481837
645335
899101
1076137
796
1517
2884
2409
12836
21265
11403
15499
5674
2292
642
716
12571
9740
13389
37365
28923
36015
34579
91997
